x=4.81075
y=-3.10082
z=0
