x=4.71739
y=-3.20677
z=0
